T	X[nTp]	Y[nTp]
0	0	0
0.004	200	0
0.008	0	9.74
0.012	0	9.26076
0.016	0	8.801
0.02	0	8.36027
0.024	0	7.93811
0.028	0	7.53402
0.032	0	7.14752
0.036	0	6.77807
0.04	0	6.42515
0.044	0	6.08823
0.048	0	5.76677
0.052	0	5.46025
0.056	0	5.16813
0.06	0	4.88989
0.064	0	4.625
0.068	0	4.37294
0.072	0	4.13322
0.076	0	3.90534
0.08	0	3.68881
0.084	0	3.48316
0.088	0	3.28794
0.092	0	3.10268
0.096	0	2.92695
0.1	0	2.76033
0.104	0	2.60242
0.108	0	2.45281
0.112	0	2.31112
0.116	0	2.17698
0.12	0	2.05003
0.124	0	1.92994
0.128	0	1.81637
0.132	0	1.709
0.136	0	1.60753
0.14	0	1.51167
0.144	0	1.42114
0.148	0	1.33566
0.152	0	1.25499
0.156	0	1.17887
0.16	0	1.10707
0.164	0	1.03937
0.168	0	0.975544
0.172	0	0.915398
0.176	0	0.858732
0.18	0	0.805362
0.184	0	0.75511
0.188	0	0.707807
0.192	0	0.663293
0.196	0	0.621415
0.2	0	0.582028
0.204	0	0.544993
0.208	0	0.51018
0.212	0	0.477465
0.216	0	0.446729
0.22	0	0.417861
0.224	0	0.390754
0.228	0	0.365307
0.232	0	0.341425
0.236	0	0.319018
0.24	0	0.298
0.244	0	0.278291
0.248	0	0.259814
0.252	0	0.242496
0.256	0	0.226268
0.26	0	0.211067
0.264	0	0.196831
0.268	0	0.183502
0.272	0	0.171026
0.276	0	0.159351
0.28	0	0.148429
0.284	0	0.138214
0.288	0	0.128662
0.292	0	0.119734
0.296	0	0.11139
0.3	0	0.103595
0.304	0	0.0963136
0.308	0	0.0895149
0.312	0	0.0831683
0.316	0	0.0772454
0.32	0	0.0717194
0.324	0	0.0665654
0.328	0	0.0617595
0.332	0	0.0572795
0.336	0	0.0531047
0.34	0	0.0492153
0.344	0	0.0455929
0.348	0	0.0422203
0.352	0	0.0390811
0.356	0	0.0361601
0.36	0	0.033443
0.364	0	0.0309165
0.368	0	0.0285677
0.372	0	0.0263851
0.376	0	0.0243575
0.38	0	0.0224746
0.384	0	0.0207266
0.388	0	0.0191045
0.392	0	0.0175997
0.396	0	0.0162043
0.4	0	0.0149107
0.404	0	0.0137121
0.408	0	0.0126019
0.412	0	0.011574
0.416	0	0.0106227
0.42	0	0.00974266
0.424	0	0.00892887
0.428	0	0.00817669
0.432	0	0.00748179
0.436	0	0.00684011
0.44	0	0.00624785
0.444	0	0.00570149
0.448	0	0.00519774
0.452	0	0.0047335
0.456	0	0.00430593
0.46	0	0.00391236
0.464	0	0.00355029
0.468	0	0.00321741
0.472	0	0.00291156
0.476	0	0.00263073
0.48	0	0.00237306
0.484	0	0.00213681
0.488	0	0.00192036
0.492	0	0.0017222
0.496	0	0.00154095
0.5	0	0.0013753
0.504	0	0.00122406
0.508	0	0.00108609
0.512	0	0.000960364
0.516	0	0.00084592
0.52	0	0.000741862
0.524	0	0.000647363
0.528	0	0.000561655
0.532	0	0.000484027
0.536	0	0.000413821
0.54	0	0.000350428
0.544	0	0.000293285
0.548	0	0.00024187
0.552	0	0.000195701
0.556	0	0.000154334
0.56	0	0.000117357
0.564	0	8.4391e-005
0.568	0	5.50858e-005
0.572	0	2.91186e-005
0.576	0	6.19198e-006
0.58	0	-1.39682e-005
0.584	0	-3.16142e-005
0.588	0	-4.69782e-005
0.592	0	-6.02735e-005
0.596	0	-7.16963e-005
0.6	0	-8.14267e-005
0.604	0	-8.96299e-005
0.608	0	-9.64575e-005
0.612	0	-0.000102048
0.616	0	-0.00010653
0.62	0	-0.000110018
0.624	0	-0.000112619
0.628	0	-0.00011443
0.632	0	-0.00011554
0.636	0	-0.00011603
0.64	0	-0.000115973
0.644	0	-0.000115435
0.648	0	-0.000114478
0.652	0	-0.000113157
0.656	0	-0.000111522
0.66	0	-0.000109617
0.664	0	-0.000107484
0.668	0	-0.00010516
0.672	0	-0.000102676
0.676	0	-0.000100064
0.68	0	-9.73503e-005
0.684	0	-9.45579e-005
0.688	0	-9.17085e-005
0.692	0	-8.88209e-005
0.696	0	-8.5912e-005
0.7	0	-8.29966e-005
0.704	0	-8.00877e-005
0.708	0	-7.71967e-005
0.712	0	-7.43337e-005
0.716	0	-7.15071e-005
0.72	0	-6.87245e-005
0.724	0	-6.59922e-005
0.728	0	-6.33155e-005
0.732	0	-6.06989e-005
0.736	0	-5.8146e-005
0.74	0	-5.56599e-005
0.744	0	-5.32428e-005
0.748	0	-5.08965e-005
0.752	0	-4.86223e-005
0.756	0	-4.64208e-005
0.76	0	-4.42925e-005
0.764	0	-4.22373e-005
0.768	0	-4.02551e-005
0.772	0	-3.83453e-005
0.776	0	-3.6507e-005
0.78	0	-3.47393e-005
0.784	0	-3.3041e-005
0.788	0	-3.14108e-005
0.792	0	-2.98472e-005
0.796	0	-2.83487e-005
0.8	0	-2.69137e-005
0.804	0	-2.55404e-005
0.808	0	-2.42271e-005
0.812	0	-2.2972e-005
0.816	0	-2.17733e-005
0.82	0	-2.06292e-005
0.824	0	-1.95377e-005
0.828	0	-1.84972e-005
0.832	0	-1.75057e-005
0.836	0	-1.65614e-005
0.84	0	-1.56626e-005
0.844	0	-1.48075e-005
0.848	0	-1.39943e-005
0.852	0	-1.32214e-005
0.856	0	-1.24872e-005
0.86	0	-1.17899e-005
0.864	0	-1.1128e-005
0.868	0	-1.05e-005
0.872	0	-9.90437e-006
0.876	0	-9.33971e-006
0.88	0	-8.80459e-006
0.884	0	-8.29768e-006
0.888	0	-7.81765e-006
0.892	0	-7.36326e-006
0.896	0	-6.93329e-006
0.9	0	-6.52657e-006
0.904	0	-6.14198e-006
0.908	0	-5.77843e-006
0.912	0	-5.43489e-006
0.916	0	-5.11037e-006
0.92	0	-4.80392e-006
0.924	0	-4.51461e-006
0.928	0	-4.24158e-006
0.932	0	-3.98399e-006
0.936	0	-3.74104e-006
0.94	0	-3.51197e-006
0.944	0	-3.29605e-006
0.948	0	-3.09259e-006
0.952	0	-2.90092e-006
0.956	0	-2.72041e-006
0.96	0	-2.55046e-006
0.964	0	-2.3905e-006
0.968	0	-2.23998e-006
0.972	0	-2.09839e-006
0.976	0	-1.96523e-006
0.98	0	-1.84003e-006
0.984	0	-1.72236e-006
0.988	0	-1.61178e-006
0.992	0	-1.5079e-006
0.996	0	-1.41035e-006
1	0	-1.31875e-006
1.004	0	-1.23277e-006
1.008	0	-1.15208e-006
1.012	0	-1.07638e-006
1.016	0	-1.00539e-006
1.02	0	-9.38813e-007
1.024	0	-8.76405e-007
1.028	0	-8.17918e-007
1.032	0	-7.6312e-007
1.036	0	-7.1179e-007
1.04	0	-6.63723e-007
1.044	0	-6.18723e-007
1.048	0	-5.76606e-007
1.052	0	-5.37196e-007
1.056	0	-5.00331e-007
1.06	0	-4.65854e-007
1.064	0	-4.3362e-007
1.068	0	-4.03491e-007
1.072	0	-3.75336e-007
1.076	0	-3.49035e-007
1.08	0	-3.24471e-007
1.084	0	-3.01537e-007
1.088	0	-2.80129e-007
1.092	0	-2.60152e-007
1.096	0	-2.41516e-007
1.1	0	-2.24135e-007
1.104	0	-2.0793e-007
1.108	0	-1.92825e-007
1.112	0	-1.78751e-007
1.116	0	-1.65639e-007
1.12	0	-1.53429e-007
1.124	0	-1.42062e-007
1.128	0	-1.31483e-007
1.132	0	-1.2164e-007
1.136	0	-1.12485e-007
1.14	0	-1.03973e-007
1.144	0	-9.60603e-008
1.148	0	-8.87083e-008
1.152	0	-8.18792e-008
1.156	0	-7.5538e-008
1.16	0	-6.9652e-008
1.164	0	-6.41902e-008
1.168	0	-5.91242e-008
1.172	0	-5.44268e-008
1.176	0	-5.0073e-008
1.18	0	-4.60392e-008
1.184	0	-4.23034e-008
1.188	0	-3.88448e-008
1.192	0	-3.56444e-008
1.196	0	-3.26841e-008
1.2	0	-2.99471e-008
1.204	0	-2.74177e-008
1.208	0	-2.50812e-008
1.212	0	-2.29239e-008
1.216	0	-2.09332e-008
1.22	0	-1.9097e-008
1.224	0	-1.74042e-008
1.228	0	-1.58445e-008
1.232	0	-1.44082e-008
1.236	0	-1.30864e-008
1.24	0	-1.18706e-008
1.244	0	-1.0753e-008
1.248	0	-9.72636e-009
1.252	0	-8.78393e-009
1.256	0	-7.9194e-009
1.26	0	-7.1269e-009
1.264	0	-6.401e-009
1.268	0	-5.73663e-009
1.272	0	-5.12908e-009
1.276	0	-4.574e-009
1.28	0	-4.06731e-009
1.284	0	-3.60525e-009
1.288	0	-3.18433e-009
1.292	0	-2.8013e-009
1.296	0	-2.45316e-009
1.3	0	-2.13712e-009
1.304	0	-1.8506e-009
1.308	0	-1.59121e-009
1.312	0	-1.35672e-009
1.316	0	-1.1451e-009
1.32	0	-9.54444e-010
1.324	0	-7.83001e-010
1.328	0	-6.29151e-010
1.332	0	-4.91397e-010
1.336	0	-3.68358e-010
1.34	0	-2.58759e-010
1.344	0	-1.61421e-010
1.348	0	-7.52615e-011
1.352	0	7.20008e-013
1.356	0	6.74439e-011
1.36	0	1.25758e-010
1.364	0	1.76441e-010
1.368	0	2.20209e-010
1.372	0	2.57722e-010
1.376	0	2.89583e-010
1.38	0	3.16348e-010
1.384	0	3.38523e-010
1.388	0	3.56576e-010
1.392	0	3.70933e-010
1.396	0	3.81983e-010
1.4	0	3.90083e-010
1.404	0	3.95557e-010
1.408	0	3.98704e-010
1.412	0	3.99793e-010
1.416	0	3.9907e-010
1.42	0	3.96759e-010
1.424	0	3.93063e-010
1.428	0	3.88167e-010
1.432	0	3.82236e-010
1.436	0	3.75423e-010
1.44	0	3.67862e-010
1.444	0	3.59678e-010
1.448	0	3.50979e-010
1.452	0	3.41866e-010
1.456	0	3.32427e-010
1.46	0	3.22742e-010
1.464	0	3.12881e-010
1.468	0	3.02907e-010
1.472	0	2.92875e-010
1.476	0	2.82835e-010
1.48	0	2.7283e-010
1.484	0	2.62898e-010
1.488	0	2.53071e-010
1.492	0	2.43379e-010
1.496	0	2.33845e-010
1.5	0	2.24489e-010
1.504	0	2.15331e-010
1.508	0	2.06384e-010
1.512	0	1.97659e-010
1.516	0	1.89167e-010
1.52	0	1.80915e-010
1.524	0	1.72908e-010
1.528	0	1.6515e-010
1.532	0	1.57644e-010
1.536	0	1.50389e-010
1.54	0	1.43387e-010
1.544	0	1.36635e-010
1.548	0	1.30132e-010
1.552	0	1.23874e-010
1.556	0	1.17858e-010
1.56	0	1.1208e-010
1.564	0	1.06535e-010
1.568	0	1.01218e-010
1.572	0	9.61235e-011
1.576	0	9.12457e-011
1.58	0	8.65788e-011
1.584	0	8.21167e-011
1.588	0	7.78532e-011
1.592	0	7.3782e-011
1.596	0	6.98968e-011
1.6	0	6.61912e-011
1.604	0	6.2659e-011
1.608	0	5.92938e-011
1.612	0	5.60895e-011
1.616	0	5.30398e-011
1.62	0	5.01389e-011
1.624	0	4.73807e-011
1.628	0	4.47595e-011
1.632	0	4.22695e-011
1.636	0	3.99053e-011
1.64	0	3.76614e-011
1.644	0	3.55327e-011
1.648	0	3.3514e-011
1.652	0	3.16004e-011
1.656	0	2.97872e-011
1.66	0	2.80697e-011
1.664	0	2.64436e-011
1.668	0	2.49044e-011
1.672	0	2.34481e-011
1.676	0	2.20707e-011
1.68	0	2.07683e-011
1.684	0	1.95374e-011
1.688	0	1.83743e-011
1.692	0	1.72757e-011
1.696	0	1.62384e-011
1.7	0	1.52592e-011
1.704	0	1.43352e-011
1.708	0	1.34636e-011
1.712	0	1.26415e-011
1.716	0	1.18665e-011
1.72	0	1.1136e-011
1.724	0	1.04478e-011
1.728	0	9.79945e-012
1.732	0	9.18895e-012
1.736	0	8.61421e-012
1.74	0	8.07329e-012
1.744	0	7.56436e-012
1.748	0	7.08563e-012
1.752	0	6.63546e-012
1.756	0	6.21225e-012
1.76	0	5.8145e-012
1.764	0	5.44077e-012
1.768	0	5.08971e-012
1.772	0	4.76003e-012
1.776	0	4.45051e-012
1.78	0	4.16e-012
1.784	0	3.88741e-012
1.788	0	3.63169e-012
1.792	0	3.39186e-012
1.796	0	3.167e-012
1.8	0	2.95622e-012
1.804	0	2.7587e-012
1.808	0	2.57365e-012
1.812	0	2.40034e-012
1.816	0	2.23805e-012
1.82	0	2.08612e-012
1.824	0	1.94394e-012
1.828	0	1.81092e-012
1.832	0	1.68649e-012
1.836	0	1.57013e-012
1.84	0	1.46135e-012
1.844	0	1.35968e-012
1.848	0	1.26468e-012
1.852	0	1.17595e-012
1.856	0	1.09308e-012
1.86	0	1.01571e-012
1.864	0	9.43505e-013
1.868	0	8.76129e-013
1.872	0	8.1328e-013
1.876	0	7.5467e-013
1.88	0	7.00029e-013
1.884	0	6.49103e-013
1.888	0	6.01654e-013
1.892	0	5.57457e-013
1.896	0	5.16302e-013
1.9	0	4.77991e-013
1.904	0	4.42339e-013
1.908	0	4.09171e-013
1.912	0	3.78325e-013
1.916	0	3.49647e-013
1.92	0	3.22993e-013
1.924	0	2.98229e-013
1.928	0	2.75229e-013
1.932	0	2.53874e-013
1.936	0	2.34054e-013
1.94	0	2.15665e-013
1.944	0	1.98611e-013
1.948	0	1.82799e-013
1.952	0	1.68145e-013
1.956	0	1.5457e-013
1.96	0	1.41999e-013
1.964	0	1.30363e-013
1.968	0	1.19597e-013
1.972	0	1.09639e-013
1.976	0	1.00434e-013
1.98	0	9.19287e-014
1.984	0	8.40729e-014
1.988	0	7.68209e-014
1.992	0	7.01295e-014
1.996	0	6.39586e-014
2	0	5.82707e-014
2.004	0	5.30308e-014
2.008	0	4.82064e-014
2.012	0	4.37672e-014
2.016	0	3.96848e-014
2.02	0	3.5933e-014
2.024	0	3.24872e-014
2.028	0	2.93247e-014
2.032	0	2.64242e-014
2.036	0	2.3766e-014
2.04	0	2.13318e-014
2.044	0	1.91045e-014
2.048	0	1.70682e-014
2.052	0	1.52082e-014
2.056	0	1.35109e-014
2.06	0	1.19636e-014
2.064	0	1.05546e-014
2.068	0	9.27276e-015
2.072	0	8.10815e-015
2.076	0	7.05133e-015
2.08	0	6.09361e-015
2.084	0	5.22696e-015
2.088	0	4.44391e-015
2.092	0	3.73757e-015
2.096	0	3.10156e-015
2.1	0	2.52999e-015
2.104	0	2.01742e-015
2.108	0	1.5588e-015
2.112	0	1.14949e-015
2.116	0	7.85216e-016
2.12	0	4.62008e-016
2.124	0	1.76226e-016
2.128	0	-7.54877e-017
2.132	0	-2.96226e-016
2.136	0	-4.88833e-016
2.14	0	-6.55928e-016
2.144	0	-7.99917e-016
2.148	0	-9.23007e-016
2.152	0	-1.02723e-015
2.156	0	-1.11444e-015
2.16	0	-1.18635e-015
2.164	0	-1.24452e-015
2.168	0	-1.29038e-015
2.172	0	-1.32523e-015
2.176	0	-1.35027e-015
2.18	0	-1.36659e-015
2.184	0	-1.37518e-015
2.188	0	-1.37695e-015
2.192	0	-1.37272e-015
2.196	0	-1.36324e-015
2.2	0	-1.34919e-015
2.204	0	-1.33119e-015
2.208	0	-1.30978e-015
2.212	0	-1.28549e-015
2.216	0	-1.25875e-015
2.22	0	-1.22998e-015
2.224	0	-1.19955e-015
2.228	0	-1.16779e-015
2.232	0	-1.13499e-015
2.236	0	-1.10142e-015
2.24	0	-1.06732e-015
2.244	0	-1.03288e-015
2.248	0	-9.98303e-016
2.252	0	-9.63742e-016
2.256	0	-9.29344e-016
2.26	0	-8.95231e-016
2.264	0	-8.61514e-016
2.268	0	-8.28285e-016
2.272	0	-7.95625e-016
2.276	0	-7.63601e-016
2.28	0	-7.32271e-016
2.284	0	-7.0168e-016
2.288	0	-6.71869e-016
2.292	0	-6.42867e-016
2.296	0	-6.14698e-016
2.3	0	-5.87377e-016
2.304	0	-5.60917e-016
2.308	0	-5.35325e-016
2.312	0	-5.10601e-016
2.316	0	-4.86744e-016
2.32	0	-4.63748e-016
2.324	0	-4.41606e-016
2.328	0	-4.20305e-016
2.332	0	-3.99834e-016
2.336	0	-3.80177e-016
2.34	0	-3.61317e-016
2.344	0	-3.43237e-016
2.348	0	-3.25918e-016
2.352	0	-3.09339e-016
2.356	0	-2.9348e-016
2.36	0	-2.78321e-016
2.364	0	-2.63838e-016
2.368	0	-2.50012e-016
2.372	0	-2.36819e-016
2.376	0	-2.24239e-016
2.38	0	-2.12249e-016
2.384	0	-2.00829e-016
2.388	0	-1.89955e-016
2.392	0	-1.79609e-016
2.396	0	-1.69768e-016
2.4	0	-1.60412e-016
2.404	0	-1.51523e-016
2.408	0	-1.4308e-016
2.412	0	-1.35064e-016
2.416	0	-1.27457e-016
2.42	0	-1.20242e-016
2.424	0	-1.134e-016
2.428	0	-1.06916e-016
2.432	0	-1.00772e-016
2.436	0	-9.49529e-017
2.44	0	-8.94441e-017
2.444	0	-8.42305e-017
2.448	0	-7.92982e-017
2.452	0	-7.46336e-017
2.456	0	-7.02237e-017
2.46	0	-6.6056e-017
2.464	0	-6.21185e-017
2.468	0	-5.83996e-017
2.472	0	-5.48885e-017
2.476	0	-5.15744e-017
2.48	0	-4.84474e-017
2.484	0	-4.54978e-017
2.488	0	-4.27164e-017
2.492	0	-4.00943e-017
2.496	0	-3.76232e-017
2.5	0	-3.52951e-017
2.504	0	-3.31023e-017
2.508	0	-3.10375e-017
2.512	0	-2.90939e-017
2.516	0	-2.72648e-017
2.52	0	-2.5544e-017
2.524	0	-2.39255e-017
2.528	0	-2.24037e-017
2.532	0	-2.09731e-017
2.536	0	-1.96286e-017
2.54	0	-1.83655e-017
2.544	0	-1.71791e-017
2.548	0	-1.60651e-017
2.552	0	-1.50192e-017
2.556	0	-1.40377e-017
2.56	0	-1.31167e-017
2.564	0	-1.22529e-017
2.568	0	-1.14428e-017
2.572	0	-1.06833e-017
2.576	0	-9.97143e-018
2.58	0	-9.3044e-018
2.584	0	-8.67953e-018
2.588	0	-8.09432e-018
2.592	0	-7.54639e-018
2.596	0	-7.0335e-018
2.6	0	-6.55355e-018
2.604	0	-6.10452e-018
2.608	0	-5.68455e-018
2.612	0	-5.29186e-018
2.616	0	-4.92477e-018
2.62	0	-4.5817e-018
2.624	0	-4.26118e-018
2.628	0	-3.96181e-018
2.632	0	-3.68225e-018
2.636	0	-3.42128e-018
2.64	0	-3.17773e-018
2.644	0	-2.9505e-018
2.648	0	-2.73855e-018
2.652	0	-2.54091e-018
2.656	0	-2.35668e-018
2.66	0	-2.18498e-018
2.664	0	-2.02502e-018
2.668	0	-1.87604e-018
2.672	0	-1.73733e-018
2.676	0	-1.60821e-018
2.68	0	-1.48807e-018
2.684	0	-1.37631e-018
2.688	0	-1.27238e-018
2.692	0	-1.17577e-018
2.696	0	-1.08598e-018
2.7	0	-1.00257e-018
2.704	0	-9.25112e-019
2.708	0	-8.532e-019
2.712	0	-7.86464e-019
2.716	0	-7.24552e-019
2.72	0	-6.67139e-019
2.724	0	-6.13916e-019
2.728	0	-5.64598e-019
2.732	0	-5.18915e-019
2.736	0	-4.76617e-019
2.74	0	-4.37469e-019
2.744	0	-4.01252e-019
2.748	0	-3.67761e-019
2.752	0	-3.36804e-019
2.756	0	-3.08204e-019
2.76	0	-2.81792e-019
2.764	0	-2.57414e-019
2.768	0	-2.34924e-019
2.772	0	-2.14187e-019
2.776	0	-1.95076e-019
2.78	0	-1.77473e-019
2.784	0	-1.61269e-019
2.788	0	-1.46361e-019
2.792	0	-1.32654e-019
2.796	0	-1.2006e-019
2.8	0	-1.08495e-019
2.804	0	-9.78834e-020
2.808	0	-8.81531e-020
2.812	0	-7.92377e-020
2.816	0	-7.10753e-020
2.82	0	-6.36086e-020
2.824	0	-5.67843e-020
2.828	0	-5.05526e-020
2.832	0	-4.48676e-020
2.836	0	-3.96866e-020
2.84	0	-3.497e-020
2.844	0	-3.0681e-020
2.848	0	-2.67855e-020
2.852	0	-2.3252e-020
2.856	0	-2.00512e-020
2.86	0	-1.7156e-020
2.864	0	-1.45415e-020
2.868	0	-1.21843e-020
2.872	0	-1.0063e-020
2.876	0	-8.15787e-021
2.88	0	-6.4505e-021
2.884	0	-4.924e-021
2.888	0	-3.56274e-021
2.892	0	-2.35232e-021
2.896	0	-1.27945e-021
2.9	0	-3.31885e-022
2.904	0	5.01663e-022
2.908	0	1.23158e-021
2.912	0	1.86742e-021
2.916	0	2.41797e-021
2.92	0	2.8913e-021
2.924	0	3.29485e-021
2.928	0	3.6354e-021
2.932	0	3.9192e-021
2.936	0	4.15198e-021
2.94	0	4.33896e-021
2.944	0	4.48495e-021
2.948	0	4.59432e-021
2.952	0	4.67107e-021
2.956	0	4.71886e-021
2.96	0	4.741e-021
2.964	0	4.74054e-021
2.968	0	4.72022e-021
2.972	0	4.68255e-021
2.976	0	4.62981e-021
2.98	0	4.56404e-021
2.984	0	4.48711e-021
2.988	0	4.40071e-021
2.992	0	4.30635e-021
2.996	0	4.20539e-021
3	0	4.09907e-021
3.004	0	3.98849e-021
3.008	0	3.87462e-021
3.012	0	3.75834e-021
3.016	0	3.64045e-021
3.02	0	3.52162e-021
3.024	0	3.40248e-021
3.028	0	3.28355e-021
3.032	0	3.16532e-021
3.036	0	3.0482e-021
3.04	0	2.93254e-021
3.044	0	2.81865e-021
3.048	0	2.7068e-021
3.052	0	2.5972e-021
3.056	0	2.49004e-021
3.06	0	2.38547e-021
3.064	0	2.28362e-021
3.068	0	2.18459e-021
3.072	0	2.08844e-021
3.076	0	1.99523e-021
3.08	0	1.905e-021
3.084	0	1.81775e-021
3.088	0	1.7335e-021
3.092	0	1.65223e-021
3.096	0	1.57391e-021
3.1	0	1.49853e-021
3.104	0	1.42603e-021
3.108	0	1.35638e-021
3.112	0	1.28951e-021
3.116	0	1.22537e-021
3.12	0	1.16389e-021
3.124	0	1.10502e-021
3.128	0	1.04867e-021
3.132	0	9.94787e-022
3.136	0	9.43286e-022
3.14	0	8.94095e-022
3.144	0	8.47141e-022
3.148	0	8.02348e-022
3.152	0	7.59641e-022
3.156	0	7.18945e-022
3.16	0	6.80186e-022
3.164	0	6.43292e-022
3.168	0	6.08189e-022
3.172	0	5.74807e-022
3.176	0	5.43077e-022
3.18	0	5.12931e-022
3.184	0	4.84302e-022
3.188	0	4.57127e-022
3.192	0	4.31341e-022
3.196	0	4.06884e-022
3.2	0	3.83698e-022
3.204	0	3.61723e-022
3.208	0	3.40907e-022
3.212	0	3.21193e-022
3.216	0	3.02532e-022
3.22	0	2.84873e-022
3.224	0	2.68169e-022
3.228	0	2.52373e-022
3.232	0	2.37441e-022
3.236	0	2.2333e-022
3.24	0	2.1e-022
3.244	0	1.97411e-022
3.248	0	1.85527e-022
3.252	0	1.74311e-022
3.256	0	1.63729e-022
3.26	0	1.53749e-022
3.264	0	1.44338e-022
3.268	0	1.35467e-022
3.272	0	1.27108e-022
3.276	0	1.19233e-022
3.28	0	1.11816e-022
3.284	0	1.04833e-022
3.288	0	9.82604e-023
3.292	0	9.20756e-023
3.296	0	8.62574e-023
3.3	0	8.07855e-023
3.304	0	7.56409e-023
3.308	0	7.08051e-023
3.312	0	6.6261e-023
3.316	0	6.1992e-023
3.32	0	5.79827e-023
3.324	0	5.42181e-023
3.328	0	5.06844e-023
3.332	0	4.73682e-023
3.336	0	4.42569e-023
3.34	0	4.13388e-023
3.344	0	3.86024e-023
3.348	0	3.60372e-023
3.352	0	3.36331e-023
3.356	0	3.13806e-023
3.36	0	2.92706e-023
3.364	0	2.72946e-023
3.368	0	2.54447e-023
3.372	0	2.37133e-023
3.376	0	2.20931e-023
3.38	0	2.05775e-023
3.384	0	1.91601e-023
3.388	0	1.78348e-023
3.392	0	1.65961e-023
3.396	0	1.54385e-023
3.4	0	1.43571e-023
3.404	0	1.33471e-023
3.408	0	1.2404e-023
3.412	0	1.15237e-023
3.416	0	1.07023e-023
3.42	0	9.93591e-024
3.424	0	9.22117e-024
3.428	0	8.55475e-024
3.432	0	7.93357e-024
3.436	0	7.35473e-024
3.44	0	6.8155e-024
3.444	0	6.31333e-024
3.448	0	5.8458e-024
3.452	0	5.41067e-024
3.456	0	5.00581e-024
3.46	0	4.62924e-024
3.464	0	4.27909e-024
3.468	0	3.95362e-024
3.472	0	3.65119e-024
3.476	0	3.37025e-024
3.48	0	3.10938e-024
3.484	0	2.86723e-024
3.488	0	2.64252e-024
3.492	0	2.43409e-024
3.496	0	2.24082e-024
3.5	0	2.06168e-024
3.504	0	1.8957e-024
3.508	0	1.74197e-024
3.512	0	1.59965e-024
3.516	0	1.46795e-024
3.52	0	1.34613e-024
3.524	0	1.23348e-024
3.528	0	1.12938e-024
3.532	0	1.03321e-024
3.536	0	9.44422e-025
3.54	0	8.62477e-025
3.544	0	7.86891e-025
3.548	0	7.17207e-025
3.552	0	6.52997e-025
3.556	0	5.93866e-025
3.56	0	5.39443e-025
3.564	0	4.89383e-025
3.568	0	4.43365e-025
3.572	0	4.01089e-025
3.576	0	3.62279e-025
3.58	0	3.26673e-025
3.584	0	2.94033e-025
3.588	0	2.64133e-025
3.592	0	2.36766e-025
3.596	0	2.11737e-025
3.6	0	1.88868e-025
3.604	0	1.67991e-025
3.608	0	1.48951e-025
3.612	0	1.31605e-025
3.616	0	1.15819e-025
3.62	0	1.01469e-025
3.624	0	8.84403e-026
3.628	0	7.66274e-026
3.632	0	6.59314e-026
3.636	0	5.62614e-026
3.64	0	4.75328e-026
3.644	0	3.96677e-026
3.648	0	3.2594e-026
3.652	0	2.6245e-026
3.656	0	2.05591e-026
3.66	0	1.54793e-026
3.664	0	1.09533e-026
3.668	0	6.93254e-027
3.672	0	3.37238e-027
3.676	0	2.31689e-028
3.68	0	-2.52744e-027
3.684	0	-4.9399e-027
3.688	0	-7.03776e-027
3.692	0	-8.85055e-027
3.696	0	-1.04054e-026
3.7	0	-1.17271e-026
3.704	0	-1.28386e-026
3.708	0	-1.37608e-026
3.712	0	-1.45129e-026
3.716	0	-1.51124e-026
3.72	0	-1.55754e-026
3.724	0	-1.59166e-026
3.728	0	-1.61494e-026
3.732	0	-1.62861e-026
3.736	0	-1.63376e-026
3.74	0	-1.63143e-026
3.744	0	-1.62253e-026
3.748	0	-1.6079e-026
3.752	0	-1.5883e-026
3.756	0	-1.56441e-026
3.76	0	-1.53687e-026
3.764	0	-1.50622e-026
3.768	0	-1.47298e-026
3.772	0	-1.4376e-026
3.776	0	-1.4005e-026
3.78	0	-1.36203e-026
3.784	0	-1.32252e-026
3.788	0	-1.28228e-026
3.792	0	-1.24155e-026
3.796	0	-1.20056e-026
3.8	0	-1.15953e-026
3.804	0	-1.11862e-026
3.808	0	-1.078e-026
3.812	0	-1.0378e-026
3.816	0	-9.98133e-027
3.82	0	-9.59108e-027
3.824	0	-9.20807e-027
3.828	0	-8.83305e-027
3.832	0	-8.4666e-027
3.836	0	-8.10922e-027
3.84	0	-7.76132e-027
3.844	0	-7.42319e-027
3.848	0	-7.09507e-027
3.852	0	-6.77712e-027
3.856	0	-6.46942e-027
3.86	0	-6.17204e-027
3.864	0	-5.88495e-027
3.868	0	-5.60811e-027
3.872	0	-5.34144e-027
3.876	0	-5.08482e-027
3.88	0	-4.83809e-027
3.884	0	-4.6011e-027
3.888	0	-4.37364e-027
3.892	0	-4.15553e-027
3.896	0	-3.94652e-027
3.9	0	-3.7464e-027
3.904	0	-3.55491e-027
3.908	0	-3.37182e-027
3.912	0	-3.19687e-027
3.916	0	-3.0298e-027
3.92	0	-2.87036e-027
3.924	0	-2.71827e-027
3.928	0	-2.5733e-027
3.932	0	-2.43518e-027
3.936	0	-2.30365e-027
3.94	0	-2.17846e-027
3.944	0	-2.05938e-027
3.948	0	-1.94615e-027
3.952	0	-1.83853e-027
3.956	0	-1.73631e-027
3.96	0	-1.63924e-027
3.964	0	-1.54711e-027
3.968	0	-1.4597e-027
3.972	0	-1.37681e-027
3.976	0	-1.29823e-027
3.98	0	-1.22377e-027
3.984	0	-1.15324e-027
3.988	0	-1.08646e-027
3.992	0	-1.02325e-027
3.996	0	-9.63436e-028
